DateSpID        Species Length  Sage1   Sage2   Sage3   Woto1   Woto2   Woto3   Soto1   Soto2   Soto3   Scmode  Wotomode        Sotomode
50297_1_2       LMB     210     .       .       .       1       1       1       1       1       1       .       1       1
50297_1_3       LMB     399     .       .       .       5       4       5       5       5       4       .       5       5
50297_3_1       LMB     121     .       .       .       1       0       0       1       1       0       .       0       1
50397_8_5       LMB     102     0       0       1       1       0       1       0       0       0       0       1       0
50397_10_1      LMB     442     4       5       5       5       6       5       6       6       6       5       5       6
50397_10_2      LMB     125     1       0       1       1       0       1       0       1       1       1       1       1
50397_10_4      LMB     167     1       0       1       3       1       2       0       1       1       1       .       1
50397_10_5      LMB     335     3       2       3       3       2       3       3       2       2       3       3       2
50397_10_6      LMB     243     2       2       2       1       1       2       2       1       1       2       1       1
50397_10_8      LMB     423     4       4       4       4       4       4       4       4       4       4       4       4
50397_10_9      LMB     529     6       5       7       6       5       6       6       6       6       .       6       6
50497_11_1      LMB     275     2       1       2       2       1       2       1       2       1       2       2       1
50497_12_1      LMB     125     0       0       0       1       0       1       0       0       0       0       1       0
50497_12_2      LMB     110     0       0       0       1       0       1       1       1       0       0       1       1
50497_13_2      LMB     196     2       2       2       1       1       1       1       2       1       2       1       1
50497_13_3      LMB     134     0       0       0       1       0       1       0       0       0       0       1       0
50497_13_7      LMB     592     9       8       7       9       9       9       9       9       9       .       9       9
50997_2_1       LMB     356     3       2       2       2       2       2       3       2       2       2       2       2
50997_4_1       LMB     385     4       4       4       3       3       3       4       3       3       4       3       3
50997_6_1       LMB     188     3       2       2       1       2       1       2       2       2       2       1       2
51097_1_1       LMB     243     3       1       2       1       1       1       1       1       2       .       1       1
51097_1_4       LMB     454     5       4       7       7       5       7       6       6       6       .       7       6
51097_3_1       LMB     139     2       1       1       2       1       2       1       1       1       1       2       1
51097_4_4       LMB     263     3       2       2       1       1       2       2       2       1       2       1       2
51497_1_1       LMB     201     1       0       2       2       2       2       1       1       1       .       2       1
51497_1_2       LMB     245     2       1       1       2       2       2       2       2       1       1       2       2
51497_1_3       LMB     110     .       .       .       1       1       1       1       1       1       .       1       1
51497_1_4       LMB     221     1       1       1       2       1       2       2       2       2       1       2       2
51497_1_7       LMB     515     6       6       5       8       5       7       7       7       7       6       .       7
51497_3_5       LMB     360     2       2       2       2       2       2       2       2       2       2       2       2
51497_3_6       LMB     324     2       2       3       3       2       3       2       2       2       2       3       2
52097_1_6       LMB     451     4       4       4       4       3       4       4       4       4       4       4       4
52097_1_7       LMB     260     2       1       2       2       1       2       2       2       1       2       2       2
52097_2_10      LMB     272     4       2       2       2       2       2       2       1       1       2       2       1
52097_2_2       LMB     241     2       1       2       2       1       2       2       2       1       2       2       2
52097_2_3       LMB     461     7       7       6       5       5       5       6       6       5       7       5       6
52097_2_4       LMB     183     2       0       1       2       1       1       1       1       1       .       1       1
52097_2_6       LMB     213     4       2       2       2       1       2       1       2       1       2       2       1
52097_2_7       LMB     298     3       3       3       3       2       3       2       2       1       3       3       2
52097_2_8       LMB     413     5       4       3       3       3       3       4       3       3       .       3       3
52097_3_6       LMB     340     .       .       .       2       2       2       2       3       2       .       2       2
42597_1_1       SMB     434     4       3       3       6       6       6       6       6       6       3       6       6
42597_1_2       SMB     159     0       0       0       2       0       1       0       0       0       0       .       0
42597_1_3       SMB     360     4       4       3       3       2       3       3       3       3       4       3       3
42597_1_4       SMB     209     2       1       2       1       1       1       1       1       1       2       1       1
42597_1_5       SMB     230     1       1       1       1       1       1       2       1       1       1       1       1
42597_1_6       SMB     114     0       0       0       1       0       1       1       1       0       0       1       1
50397_8_2       SMB     264     1       1       1       2       2       2       2       2       1       1       2       2
50397_8_4       SMB     199     1       1       1       2       1       2       1       2       1       1       2       1
50397_8_7       SMB     360     3       3       1       3       2       3       2       2       2       3       3       2
50497_11_2      SMB     110     0       0       0       0       0       0       0       1       0       0       0       0
50497_11_4      SMB     118     0       0       0       0       0       0       0       0       0       0       0       0
50497_11_8      SMB     247     2       1       1       2       2       2       1       1       1       1       2       1
50497_12_10     SMB     216     1       1       1       2       1       2       1       1       1       1       2       1
50497_12_11     SMB     135     0       0       0       1       0       1       1       0       0       0       1       0
50497_13_4      SMB     340     2       2       2       3       2       3       2       2       2       2       3       2
50497_13_6      SMB     168     1       1       1       1       1       1       1       1       1       1       1       1
50497_14_1      SMB     320     2       2       3       2       2       2       2       2       2       2       2       2
50497_14_3      SMB     316     2       2       2       2       2       2       2       2       2       2       2       2
51097_1_2       SMB     463     6       5       6       6       5       5       6       6       6       6       5       6
51097_3_4       SMB     238     2       1       1       1       1       1       2       1       1       1       1       1
51497_5_5       SMB     334     2       2       2       2       2       2       3       2       2       2       2       2
51597_2_1       SMB     388     2       3       3       3       3       3       4       4       3       3       3       4
52097_3_5       SMB     335     3       2       4       2       2       2       2       2       2       .       2       2
50297_4_1       SPB     215     .       .       .       1       0       1       2       1       1       .       1       1
50297_4_2       SPB     198     .       .       .       2       1       2       2       2       1       .       2       2
50297_6_1       SPB     237     .       .       .       1       1       1       2       1       1       .       1       1
50297_6_2       SPB     262     .       .       .       1       1       1       1       1       1       .       1       1
50297_6_3       SPB     358     .       .       .       5       5       4       5       5       5       .       5       5
50397_7_1       SPB     109     0       1       1       1       0       1       0       1       0       1       1       0
50397_8_3       SPB     239     1       1       1       2       1       2       2       2       1       1       2       2
50397_8_6       SPB     179     2       1       2       1       1       2       1       1       1       2       1       1
50397_10_3      SPB     96      .       .       .       1       0       1       0       0       0       .       1       0
50397_10_7      SPB     186     2       2       2       2       1       2       0       1       1       2       2       1
50497_11_5      SPB     106     0       0       0       1       0       1       0       0       0       0       1       0
50497_11_6      SPB     135     1       0       0       1       0       1       0       0       0       0       1       0
50497_12_3      SPB     236     2       1       1       2       1       1       1       2       1       1       1       1
50497_12_4      SPB     337     3       3       4       3       2       3       3       3       3       3       3       3
50497_12_5      SPB     308     2       2       2       2       2       2       2       2       2       2       2       2
50497_12_6      SPB     190     1       1       1       2       0       2       0       1       1       1       2       1
50497_12_7      SPB     213     2       1       3       1       1       1       1       2       1       .       1       1
50497_12_9      SPB     205     2       2       2       2       0       2       1       0       1       2       2       1
50497_13_1      SPB     232     2       1       1       2       1       2       1       1       1       1       2       1
50497_13_5      SPB     255     2       2       2       2       1       2       1       1       1       2       2       1
50497_14_2      SPB     116     0       0       0       1       0       1       0       0       0       0       1       0
50497_14_4      SPB     205     2       1       1       2       1       1       0       0       0       1       1       0
50497_14_6      SPB     211     1       1       1       1       1       1       0       1       1       1       1       1
50997_3_1       SPB     210     2       1       1       2       2       2       2       1       1       1       2       1
50997_5_1       SPB     184     2       1       2       3       1       3       2       1       1       2       3       1
50997_5_2       SPB     199     3       1       2       1       1       1       2       2       2       .       1       2
50997_6_2       SPB     179     1       1       2       2       1       2       2       2       1       1       2       2
50997_6_3       SPB     368     8       6       5       4       4       4       6       5       5       .       4       5
51097_1_3       SPB     220     2       1       2       1       1       1       1       1       1       2       1       1
51097_2_1       SPB     278     2       2       2       3       2       3       2       2       2       2       3       2
51097_2_2       SPB     280     3       2       3       3       1       2       3       2       2       3       .       2
51097_2_3       SPB     180     1       1       1       3       1       2       2       1       1       1       .       1
51097_3_2       SPB     367     6       4       6       5       4       4       5       5       5       6       4       5
51097_3_3       SPB     319     6       3       5       3       3       3       4       3       3       .       3       3
51097_4_2       SPB     300     5       2       3       3       1       3       3       2       2       .       3       2
51497_1_6       SPB     305     3       3       3       3       2       3       3       3       2       3       3       3
51497_1_8       SPB     235     1       1       1       2       1       2       2       1       1       1       2       1
51497_1_9       SPB     260     3       2       3       2       2       2       2       2       2       3       2       2
51497_2_3       SPB     134     1       0       1       2       1       2       1       1       0       1       2       1
51497_2_4       SPB     319     3       3       3       4       4       4       4       4       4       3       4       4
51497_2_5       SPB     241     1       1       1       2       1       2       2       1       1       1       2       1
51497_3_1       SPB     87      0       0       0       0       0       0       0       0       0       0       0       0
51497_3_2       SPB     115     .       .       .       1       0       1       0       0       0       .       1       0
51497_3_3       SPB     124     1       0       1       1       0       1       0       0       1       1       1       0
51497_5_1       SPB     96      .       .       .       0       0       0       0       0       1       .       0       0
51497_5_2       SPB     350     4       4       5       3       3       3       4       4       4       4       3       4
51497_5_4       SPB     99      0       0       1       0       0       0       0       0       0       0       0       0
51497_5_6       SPB     97      0       0       0       0       0       0       0       0       0       0       0       0
51497_5_8       SPB     108     1       0       0       0       0       0       0       0       0       0       0       0
52097_1_2       SPB     211     2       2       2       2       1       2       2       2       1       2       2       2
52097_1_2       SPB     211     2       1       2       2       1       2       2       2       1       2       2       2
52097_1_4       SPB     298     4       2       3       2       2       2       2       2       2       .       2       2
52097_3_2       SPB     158     2       1       2       3       1       3       2       2       1       2       3       2
52097_3_3       SPB     227     2       1       1       1       1       1       1       1       1       1       1       1
52097_3_3       SPB     227     4       4       4       1       1       1       1       1       1       4       1       1
52097_3_8       SPB     370     .       .       .       5       4       5       6       5       5       .       5       5
52097_4_1       SPB     335     6       4       3       3       3       3       4       4       3       .       3       4
52097_4_1       SPB     335     3       1       2       3       3       3       4       4       3       .       3       4
